
 1 [7, 5, 6, 2, 4]
 2 [6, 9, 2, 5, 1]
 3 [2, 9, 1, 4, 8]
 4 [1, 4, 3, 8, 2]
 5 [9, 5, 7, 4, 3]
 6 [6, 4, 5, 7, 1]
 7 [1, 6, 3, 8, 5]
 8 [9, 5, 2, 6, 7]
 9 [1, 3, 5, 6, 2]
 10 [4, 5, 9, 1, 3]
 11 [8, 2, 3, 4, 9]
 12 [3, 7, 2, 6, 4]
 13 [1, 5, 2, 9, 4]
 14 [5, 1, 6, 7, 3]
 15 [7, 1, 3, 8, 6]
 16 [1, 2, 8, 5, 7]
 17 [6, 9, 2, 8, 7]
 18 [1, 4, 6, 9, 8]
 19 [2, 7, 9, 6, 5]
 20 [9, 3, 7, 2, 4]
 21 [2, 4, 5, 1, 6]
 22 [9, 1, 7, 4, 8]
 23 [4, 7, 1, 8, 6]
 24 [1, 8, 3, 7, 9]
 25 [2, 8, 9, 5, 1]
 26 [3, 5, 2, 9, 8]
 27 [6, 5, 4, 1, 3]
 28 [3, 9, 2, 8, 4]
 29 [6, 9, 1, 3, 5]
 30 [3, 7, 2, 6, 9]
 31 [3, 8, 5, 7, 9]
 32 [4, 2, 5, 7, 8]
 33 [7, 4, 9, 3, 1]
 34 [2, 3, 9, 6, 1]
 35 [7, 8, 1, 3, 4]
 36 [9, 5, 1, 4, 6]
 37 [6, 4, 8, 3, 2]
 38 [3, 8, 7, 5, 6]
 39 [9, 6, 8, 3, 5]
 40 [8, 6, 1, 7, 9]
 41 [4, 7, 5, 8, 9]
 42 [3, 7, 6, 1, 2]
 43 [7, 3, 8, 4, 9]
 44 [9, 2, 3, 4, 8]
 45 [7, 2, 6, 3, 4]
 46 [1, 6, 4, 2, 9]
 47 [2, 3, 9, 7, 8]
 48 [2, 7, 3, 5, 1]
 49 [4, 9, 5, 1, 8]
 50 [5, 7, 4, 6, 9]
 51 [9, 7, 3, 2, 8]
 52 [4, 9, 2, 7, 1]
 53 [1, 5, 7, 6, 3]
 54 [4, 7, 3, 2, 6]
 55 [8, 3, 9, 7, 1]
 56 [7, 1, 3, 4, 6]
 57 [4, 7, 9, 3, 6]
 58 [2, 4, 5, 6, 7]
 59 [6, 1, 2, 8, 3]
 60 [7, 1, 4, 3, 8]
 61 [8, 7, 4, 9, 5]
 62 [4, 6, 8, 2, 9]
 63 [1, 2, 6, 7, 8]
 64 [3, 5, 2, 1, 6]
 65 [5, 6, 7, 2, 1]
 66 [6, 3, 5, 8, 9]
 67 [8, 1, 5, 6, 3]
 68 [7, 3, 4, 8, 5]
 69 [8, 5, 3, 4, 7]
 70 [3, 7, 6, 2, 9]
 71 [7, 8, 5, 6, 2]
 72 [8, 3, 7, 1, 4]
 73 [3, 1, 7, 2, 5]
 74 [5, 4, 2, 1, 6]
 75 [3, 9, 7, 2, 8]
 76 [3, 9, 8, 4, 7]
 77 [5, 4, 8, 6, 3]
 78 [8, 7, 3, 6, 4]
 79 [5, 2, 7, 4, 3]
 80 [3, 7, 9, 8, 6]
 81 [3, 1, 9, 7, 6]
 82 [6, 4, 9, 2, 1]
 83 [1, 7, 6, 4, 5]
 84 [7, 1, 9, 8, 4]
 85 [4, 9, 2, 1, 8]
 86 [9, 6, 1, 2, 7]
 87 [4, 2, 5, 7, 9]
 88 [9, 6, 1, 8, 2]
 89 [4, 7, 3, 6, 8]
 90 [5, 4, 1, 7, 2]
 91 [5, 9, 7, 2, 6]
 92 [8, 3, 1, 4, 2]
 93 [5, 2, 3, 9, 8]
 94 [1, 4, 2, 5, 7]
 95 [2, 1, 8, 6, 5]
 96 [1, 4, 3, 5, 9]
 97 [7, 4, 9, 5, 1]
 98 [9, 7, 5, 4, 1]
 99 [7, 9, 3, 8, 5]
 100 [7, 6, 8, 4, 3]
 101 [2, 4, 3, 5, 7]
 102 [5, 1, 9, 6, 2]
 103 [7, 4, 2, 1, 8]
 104 [9, 8, 4, 6, 5]
 105 [9, 4, 2, 6, 3]
 106 [3, 5, 9, 4, 8]
 107 [9, 8, 5, 6, 2]
 108 [9, 8, 1, 5, 6]
 109 [8, 9, 3, 6, 2]
 110 [2, 5, 7, 1, 4]
 111 [7, 5, 9, 6, 1]
 112 [2, 1, 5, 6, 4]
 113 [2, 7, 8, 6, 5]
 114 [4, 9, 8, 1, 2]
 115 [6, 8, 9, 2, 1]
 116 [1, 6, 9, 2, 7]
 117 [3, 9, 1, 2, 8]
 118 [5, 1, 6, 2, 8]
 119 [5, 4, 7, 2, 8]
 120 [7, 6, 3, 9, 8]
 121 [1, 8, 2, 6, 9]
 122 [4, 7, 6, 3, 5]
 123 [8, 9, 6, 1, 7]
 124 [6, 2, 5, 8, 7]
 125 [8, 2, 7, 5, 4]
 126 [8, 6, 3, 4, 2]